1, 765;
2, 835;
3, 1505;
4, 775;
5, 1205;
6, 565;
7, 915;
8, 565;
9, 495;
10, 565;
11, 495;
12, 855;
13, 800;
14, 1100;
15, 625;
16, 520;
17, 520;
18, 530;
19, 695;
20, 660;
21, 1240;
22, 625;
23, 775;
24, 670;
25, 1390;
26, 1320;
27, 1390;
28, 1090;
29, 740;
30, 730;
31, 1005;
32, 1075;
33, 1435;
34, 1125;
35, 1005;
36, 660;
37, 785;
38, 1125;
39, 1055;
40, 1225;
41, 660;
42, 510;
43, 1635;
44, 510;
45, 1030;
46, 1610;
47, 1470;
48, 1715;
49, 740;
50, 1435;
51, 1400;
52, 680;
53, 1065;
54, 645;
55, 925;
56, 750;
57, 750;
58, 580;
59, 600;
60, 545;
61, 530;
62, 1110;
63, 485;
64, 485;
65, 590;
66, 580;
67, 520;
68, 1090;
69, 615;
70, 1040;
71, 600;
72, 740;
73, 1845;
74, 715;
75, 625;
76, 970;
77, 495;
78, 995;
79, 660;
80, 1055;
81, 740;
82, 1355;
83, 1555;
84, 635;
85, 890;
86, 1075;
87, 905;
88, 555;
89, 495;
90, 510;
91, 1495;
92, 530;
93, 520;
94, 1300;
95, 750;
96, 715;
97, 555;
98, 660;
99, 510;
100, 625;
101, 715;
102, 775;
103, 740;
104, 1065;
105, 495;
106, 615;
107, 530;
108, 1285;
109, 995;
110, 1030;
111, 975;
112, 1030;
113, 1435;
114, 1450;
115, 1590;
116, 1460;
117, 1520;
118, 2110;
119, 2145;
120, 1775;
121, 3900;
122, 4130;
123, 3400;
124, 2565;
125, 2670;
126, 1100;
127, 1265;
128, 2040;
129, 765;
130, 1530;
131, 2135;
132, 705;
133, 785;
134, 960;
135, 750;
136, 1300;
137, 1795;
138, 485;
139, 845;
140, 1715;
141, 670;
142, 565;
143, 925;
144, 1110;
145, 1020;
146, 1145;
147, 765;
148, 925;
149, 985;
150, 915;
151, 530;
152, 960;
153, 940;
154, 1310;
155, 1240;
156, 1230;
157, 1100;
158, 950;
159, 1125;
160, 555;
161, 685;
162, 1040;
163, 1045;
164, 1415;
165, 1180;
166, 1890;
167, 1600;
168, 1485;
169, 1680;
170, 3330;
1, 765;
2, 835;
3, 1505;
4, 775;
5, 1205;
6, 565;
7, 915;
8, 565;
9, 495;
10, 565;
11, 495;
12, 855;
13, 800;
14, 1100;
15, 625;
16, 520;
17, 520;
18, 530;
19, 695;
20, 660;
21, 1240;
22, 625;
23, 775;
24, 670;
25, 1390;
26, 1320;
27, 1390;
28, 1090;
29, 740;
30, 730;
31, 1005;
32, 1075;
33, 1435;
34, 1125;
35, 1005;
36, 660;
37, 785;
38, 1125;
39, 1055;
40, 1225;
41, 660;
42, 510;
43, 1635;
44, 510;
45, 1030;
46, 1610;
47, 1470;
48, 1715;
49, 740;
50, 1435;
51, 1400;
52, 680;
53, 1065;
54, 645;
55, 925;
56, 750;
57, 750;
58, 580;
59, 600;
60, 545;
61, 530;
62, 1110;
63, 485;
64, 485;
65, 590;
66, 580;
67, 520;
68, 1090;
69, 615;
70, 1040;
71, 600;
72, 740;
73, 1845;
74, 715;
75, 625;
76, 970;
77, 495;
78, 995;
79, 660;
80, 1055;
81, 740;
82, 1355;
83, 1555;
84, 635;
85, 890;
86, 1075;
87, 905;
88, 555;
89, 495;
90, 510;
91, 1495;
92, 530;
93, 520;
94, 1300;
95, 750;
96, 715;
97, 555;
98, 660;
99, 510;
100, 625;
101, 715;
102, 775;
103, 740;
104, 1065;
105, 495;
106, 615;
107, 530;
108, 1285;
109, 995;
110, 1030;
111, 975;
112, 1030;
113, 1435;
114, 1450;
115, 1590;
116, 1460;
117, 1520;
118, 2110;
119, 2145;
120, 1775;
121, 3900;
122, 4130;
123, 3400;
124, 2565;
125, 2670;
126, 1100;
127, 1265;
128, 2040;
129, 765;
130, 1530;
131, 2135;
132, 705;
133, 785;
134, 960;
135, 750;
136, 1300;
137, 1795;
138, 485;
139, 845;
140, 1715;
141, 670;
142, 565;
143, 925;
144, 1110;
145, 1020;
146, 1145;
147, 765;
148, 925;
149, 985;
150, 915;
151, 530;
152, 960;
153, 940;
154, 1310;
155, 1240;
156, 1230;
157, 1100;
158, 950;
159, 1125;
160, 555;
161, 685;
162, 1040;
163, 1045;
164, 1415;
165, 1180;
166, 1890;
167, 1600;
168, 1485;
169, 1680;
170, 3330;

