1, 0.110236;
2, 0.173228;
3, 0.212598;
4, 0.23622;
5, 0.259843;
6, 0.283465;
7, 0.299213;
8, 0.307087;
9, 0.322835;
10, 0.330709;
11, 0.346457;
12, 0.354331;
13, 0.362205;
14, 0.370079;
15, 0.377953;
16, 0.385827;
17, 0.393701;
18, 0.401575;
19, 0.409449;
20, 0.417323;
21, 0.425197;
22, 0.433071;
23, 0.440945;
24, 0.448819;
25, 0.456693;
26, 0.464567;
27, 0.472441;
28, 0.480315;
29, 0.488189;
30, 0.496063;
31, 0.503937;
32, 0.511811;
33, 0.519685;
34, 0.527559;
35, 0.535433;
36, 0.543307;
37, 0.551181;
38, 0.559055;
39, 0.566929;
40, 0.574803;
